- name: Work
  latitude: 52.30380567
  longitude: 4.95233417
  radius: 250
  icon: mdi:cash-multiple

- name: Horses
  latitude: 52.12190683
  longitude: 4.54800725
  radius: 250
  icon: mdi:emoticon-poop

- name: Pony
  latitude: 52.174617
  longitude: 4.561984
  radius: 250
  icon: mdi:worker

- name: Work_Vio
  latitude: 52.036562
  longitude: 4.212333
  radius: 250
  icon: mdi:cash-multiple
  